train med: 64.90780000000001
train mean: 69.15410413030831
train mean_l: 43.84701231513847
train mean_h: 98.96629116249605
train mean_lh: 71.40665173881726
train_l: 3719 train_h: 3157
train_ratio_l: 0.10728690508201129 train_ratio_h: 0.1412733607855559

value med: 61.5604
value mean: 67.3797933693138
value mean_l: 42.18745210084033
value mean_h: 98.23284939965694
value mean_lh: 70.21015075024863
value_l: 714 value_h: 583
value_ratio_l: 0.12885154061624648 value_ratio_h: 0.22641509433962265

test med: 64.6088
test mean: 70.04921331689272
test mean_l: 43.69902141230068
test mean_h: 101.14527311827956
test mean_lh: 72.42214726529012
test_l: 878 test_h: 744
test_ratio_l: 0.1469248291571754 test_ratio_h: 0.2056451612903226

total med: 64.4848
total mean: 69.06738499234304
total mean_l: 43.59943897571079
total mean_h: 99.2324744870651
total mean_lh: 71.41595673138795
total_l: 5311 total_h: 4484

Отдельно от черного и белого:
	mean: 69.06738499234304
	std: 68.45855223205473
	mean <128: 35.266790886114705
	std <128: 23.81616202900302
	mean ?128: 184.72147074982624
	std ?128: 26.788517268439215


Вместе с черным и белым:
	mean: 69.06738499234304
	std: 68.45855223205473
	mean <128: 34.77274047733289
	std <128: 24.00922853254174
	mean ?128: 187.0906383787584
	std ?128: 29.22877675953323


[0.9834350515463918, 0.9804283185840708, 0.9819076923076923, 0.9819026086956522, 0.9804941176470588, 0.9727803278688525, 0.9677553956834533, 0.9668907801418439, 0.9673392405063291, 0.9673104761904762, 0.9565967741935484, 0.9572542372881356, 0.9527315315315316, 0.9534068965517242, 0.9498676056338028, 0.948171875, 0.9436060606060606, 0.9429586776859504, 0.9260622950819672, 0.9265718518518519, 0.9221574803149606, 0.9156088235294118, 0.9082, 0.9090978723404255, 0.9059873015873016, 0.8961333333333333, 0.8890631578947369, 0.8942315789473684, 0.8775683168316831, 0.8729688888888889, 0.8633739130434782, 0.8580232558139534, 0.8500712871287128, 0.8543175257731959, 0.8455860465116279, 0.8430262626262627, 0.8319733333333333, 0.8350488888888888, 0.8209481481481481, 0.817737037037037, 0.8086606741573034, 0.8051623529411764, 0.8025708333333333, 0.7880098765432099, 0.7824556962025316, 0.7639384615384616, 0.7651885714285714, 0.7609521126760563, 0.7577310344827586, 0.74208, 0.7463310344827586, 0.7479302325581395, 0.7453, 0.7239516483516484, 0.7232791208791208, 0.7162545454545455, 0.7100461538461539, 0.7025530864197531, 0.6911584415584415, 0.6853375, 0.6776395061728395, 0.6784391304347827, 0.6670292682926829, 0.662835, 0.6646666666666666, 0.6470684931506849, 0.6367616438356164, 0.6391771428571429, 0.6297415384615385, 0.6281904761904762, 0.6293808219178082, 0.6284682926829268, 0.6134619047619048, 0.59288, 0.5984125, 0.5951527272727273, 0.5807873015873016, 0.5912909090909091, 0.579968, 0.57362, 0.5672931506849315, 0.5702830769230769, 0.5570857142857143, 0.5512232558139535, 0.54196, 0.5427457627118644, 0.5381975308641975, 0.5298827586206897, 0.5295785714285715, 0.5169046153846154, 0.5139428571428571, 0.5143490909090909, 0.4994, 0.5044627450980392, 0.4960857142857143, 0.4950555555555556, 0.4868421052631579, 0.4614142857142857, 0.47376, 0.48846666666666666] [0.016564948453608248, 0.019571681415929205, 0.018092307692307692, 0.018097391304347826, 0.019505882352941175, 0.02721967213114754, 0.032244604316546764, 0.03310921985815603, 0.032660759493670886, 0.03268952380952381, 0.04340322580645161, 0.04274576271186441, 0.047268468468468466, 0.046593103448275865, 0.05013239436619718, 0.051828125, 0.05639393939393939, 0.05704132231404958, 0.07393770491803278, 0.07342814814814815, 0.07784251968503937, 0.08439117647058823, 0.0918, 0.09090212765957446, 0.09401269841269841, 0.10386666666666666, 0.11093684210526315, 0.10576842105263158, 0.12243168316831683, 0.12703111111111112, 0.13662608695652173, 0.1419767441860465, 0.14992871287128712, 0.14568247422680414, 0.15441395348837209, 0.15697373737373738, 0.16802666666666666, 0.1649511111111111, 0.17905185185185185, 0.18226296296296296, 0.19133932584269664, 0.19483764705882353, 0.19742916666666666, 0.21199012345679014, 0.21754430379746836, 0.23606153846153846, 0.23481142857142856, 0.23904788732394366, 0.2422689655172414, 0.25792, 0.2536689655172414, 0.2520697674418605, 0.2547, 0.2760483516483517, 0.2767208791208791, 0.2837454545454545, 0.2899538461538462, 0.29744691358024694, 0.3088415584415584, 0.3146625, 0.3223604938271605, 0.3215608695652174, 0.33297073170731706, 0.337165, 0.3353333333333333, 0.35293150684931507, 0.36323835616438355, 0.36082285714285717, 0.37025846153846154, 0.3718095238095238, 0.3706191780821918, 0.3715317073170732, 0.38653809523809524, 0.40712, 0.4015875, 0.4048472727272727, 0.4192126984126984, 0.4087090909090909, 0.420032, 0.42638, 0.4327068493150685, 0.42971692307692305, 0.4429142857142857, 0.4487767441860465, 0.45804, 0.4572542372881356, 0.4618024691358025, 0.4701172413793103, 0.47042142857142855, 0.4830953846153846, 0.48605714285714285, 0.4856509090909091, 0.5006, 0.49553725490196077, 0.5039142857142858, 0.5049444444444444, 0.5131578947368421, 0.5385857142857143, 0.52624, 0.5115333333333333]
